x y t case x_pre y_pre x_cor y_cor
3063.15 1140.33 0.135977 1 0 0.0382707 0.0240579 0.0402562 0.00561508 0.0168819
3063.3 1140.97 0.174809 2 0.000173668 0.00276217 0.000897186 0.00163483 0.00104802 0.00433239
3063.36 1140.23 0.207414 2 0.000353346 0.00191396 0.000723518 0.00147017 0.000346736 0.00316659
3063.12 1141.02 0.23888 2 0.000126796 0.00176913 0.000620759 0.00162551 0.000335018 0.00318041
3063.23 1140.91 0.271121 2 0.00012319 0.00185867 0.000652909 0.00154709 0.000288446 0.00305752
3063.3 1140.23 0.303954 2 0.000127998 0.00176523 0.0005823 0.00157624 0.000308577 0.00315878
3063.34 1140.19 0.336158 2 0.000143622 0.00172466 0.000592515 0.00157684 0.000266211 0.00304731
3063.4 1140.93 0.367911 2 0.000127096 0.00173698 0.000591013 0.00149932 0.000292652 0.00317981
3063.24 1140.28 0.399815 2 0.000127096 0.00169342 0.000640289 0.00163362 0.000259601 0.00322068
3063.25 1140.33 0.431905 2 0.000123491 0.00188481 0.000618956 0.00149571 0.000254493 0.00311942
3063.39 1141 0.46475 2 0.000133707 0.00177003 0.000566676 0.00154048 0.000255395 0.00341628
3064.19 1141.11 0.498249 2 0.000126195 0.00175471 0.000621961 0.00148399 0.000371975 0.00332914
3063.49 1140.95 0.531382 2 0.000127998 0.00193259 0.000607539 0.0016814 0.000266211 0.00312062
3063.65 1140.79 0.565087 2 0.000128899 0.00175141 0.000551051 0.00154529 0.000254794 0.00345263
3063.31 1140.92 0.597585 2 0.000123791 0.0017451 0.000548347 0.00146837 0.000249686 0.00321106
3063.3 1140.28 0.631943 2 0.000127397 0.00184545 0.000564873 0.00150503 0.000259301 0.00322368
3063.4 1140.17 0.664804 2 0.0001292 0.00175441 0.000669434 0.00146957 0.000250888 0.00339735
3063.37 1140.23 0.698333 2 0.00012319 0.00175862 0.00059522 0.00146897 0.000390003 0.0033027
3063.51 1140.83 0.731681 2 0.00012319 0.00192477 0.000549549 0.00149902 0.000258099 0.00315728
3063.37 1140.2 0.763806 2 0.000130401 0.0017502 0.000593717 0.00154258 0.00025269 0.00322458
3063.55 1140.92 0.798877 2 0.000124392 0.00179077 0.000549249 0.00167809 0.000327806 0.00321917
3063.24 1140.2 0.830835 2 0.000127697 0.00171174 0.00059552 0.00152305 0.000288145 0.00305662
3063.17 1140.39 0.865793 2 0.000128599 0.0018782 0.000581999 0.00146987 0.000350041 0.00399227
3063.49 1140.85 0.898612 2 0.000137613 0.00172046 0.000578093 0.00152395 0.000300464 0.00329038
3063.46 1140.95 0.93109 2 0.000123491 0.0018124 0.000710898 0.00170033 0.000292652 0.00307465
3063.99 1140.52 0.965583 2 0.000132505 0.00169552 0.000595821 0.00153417 0.000302567 0.00337151
3064.04 1140.46 0.999686 2 0.000124392 0.00168651 0.000549249 0.00179017 0.000254193 0.00326454
3063.28 1140.14 1.03277 2 0.000159246 0.00182742 0.000894482 0.00159787 0.000265911 0.00324111
3064.01 1140.28 1.06528 2 0.000128599 0.00177665 0.000597924 0.00148309 0.000371073 0.00333365
3063.35 1140.25 1.09757 2 0.000167058 0.00174359 0.000549249 0.00151795 0.000255996 0.00312092
3063.24 1140.33 1.12879 2 0.000127096 0.00173608 0.000592215 0.0015552 0.000306474 0.00314586
3063.58 1140.79 1.16051 2 0.000127697 0.00169732 0.000594919 0.00154889 0.000271319 0.00311401
3063.44 1140.97 1.19271 2 0.000127096 0.00186198 0.000578995 0.0016195 0.000257498 0.00317621
3063.33 1140.23 1.22527 2 0.000130101 0.00181571 0.000611745 0.0015522 0.000251489 0.00344843
3063.46 1140.16 1.25762 2 0.000182983 0.00173789 0.000677547 0.00158885 0.00025239 0.00321647
3063.42 1140.98 1.28977 2 0.000127697 0.00171024 0.000640289 0.00164684 0.000295657 0.00318522
3063.28 1140.16 1.32147 2 0.000123491 0.0018791 0.000597022 0.00155761 0.000262005 0.00313805
3063.52 1140.11 1.35371 2 0.000130401 0.00172887 0.00056337 0.00157053 0.00027192 0.00334477
3063.37 1140.11 1.38548 2 0.000127697 0.00178145 0.000552253 0.00158014 0.000264709 0.0032384
3063.58 1140.8 1.4174 2 0.000151734 0.00162251 0.0006475 0.00146026 0.000282737 0.00337782
3064.46 1140.94 1.44958 2 0.000266512 0.00166427 0.000605435 0.00176583 0.000261704 0.00332223
3063.24 1140.13 1.48159 2 0.000131002 0.00190344 0.000565173 0.00154559 0.000258399 0.00309688
3063.32 1140.21 1.51396 2 0.000130401 0.00169402 0.000592515 0.00154228 0.0002587 0.00327506
3063.41 1140.82 1.54604 2 0.000165556 0.00169342 0.00059522 0.00152426 0.000300765 0.00317921
3063.4 1140.23 1.57795 2 0.000123791 0.00172376 0.000578093 0.00146326 0.000302267 0.00315578
3063.23 1140.35 1.61078 2 0.000124392 0.00177935 0.000716908 0.00154258 0.000255395 0.003172
3063.33 1140.23 1.64273 2 0.000225348 0.00178896 0.000578995 0.00157744 0.000270117 0.00317921
3063.36 1140.18 1.67455 2 0.0001292 0.00172527 0.000622261 0.0014861 0.00025239 0.0033018
3063.33 1141.09 1.70667 2 0.000218738 0.0018097 0.000593417 0.00157924 0.000250888 0.00313414
3064.01 1140.29 1.73853 2 0.000125594 0.00167899 0.000578995 0.00157834 0.000269216 0.00322368
3063.69 1140.67 1.77062 2 0.000181781 0.00165075 0.000747555 0.00166457 0.0002587 0.00332974
3063.28 1140.96 1.80259 2 0.000246681 0.00179527 0.00059552 0.00151975 0.000290849 0.00335048
3063.25 1140.33 1.83438 2 0.000140317 0.00163813 0.00062797 0.00153237 0.000282737 0.00351243
3063.3 1140.18 1.86558 2 0.000133406 0.00168651 0.000551051 0.00158074 0.00025269 0.00326154
3063.33 1140.08 1.89901 2 0.000154739 0.00173638 0.000548347 0.00151254 0.000251188 0.00439309
3063.12 1140.3 1.93162 2 0.000125294 0.00179858 0.000565173 0.00173428 0.00025239 0.00308066
3064.02 1140.5 1.96436 2 0.000140016 0.00171144 0.000662524 0.00156031 0.000257197 0.0033676
3063.48 1140.92 1.99702 2 0.000171265 0.00177394 0.000636083 0.00147768 0.000256596 0.00312994
3063.32 1140.08 2.03036 2 0.000124092 0.00169582 0.00054985 0.00178536 0.0002587 0.00326875
3064.15 1141.06 2.06359 2 0.000143321 0.0016799 0.000577793 0.00158285 0.000280934 0.00329639
3063.98 1140.64 2.096 2 0.000128899 0.0018103 0.000578694 0.00153627 0.000251188 0.0031062
3063.55 1140.92 2.12785 2 0.000124392 0.0017481 0.000549249 0.00153597 0.000257498 0.00317891
3064.02 1141.18 2.15943 2 0.000171866 0.00165075 0.000548948 0.00173999 0.000254493 0.00316599
3063.36 1140.23 2.19091 2 0.000123491 0.00173398 0.000727424 0.00151404 0.000304671 0.0031729
3063.42 1140.95 2.22283 2 0.000124392 0.00186528 0.000563971 0.00167449 0.000300464 0.0032333
3063.14 1140.44 2.2541 2 0.000169462 0.00166517 0.000621661 0.00152155 0.000287845 0.0032351
3063.32 1140.2 2.28537 2 0.000130101 0.00170784 0.00054985 0.00149211 0.000315487 0.0034319
3063.35 1140.22 2.31798 2 0.000158946 0.00177634 0.00054985 0.00154859 0.00025239 0.00323059
3063.5 1140.09 2.34983 2 0.000124993 0.00164925 0.000548948 0.00181571 0.000259902 0.00318132
3063.47 1140.77 2.38134 2 0.000124693 0.00183854 0.000565474 0.00153477 0.000264409 0.00312693
3063.36 1141.01 2.41389 2 0.000146326 0.00170904 0.000693772 0.0018109 0.000274023 0.00327626
3064.15 1141.17 2.44529 2 0.000132505 0.00175501 0.000566375 0.0015504 0.000265009 0.00324712
3063.44 1140.97 2.47788 2 0.000126796 0.00181931 0.000550751 0.00155911 0.000255996 0.00319664
3063.33 1140.23 2.50939 2 0.000196804 0.001682 0.000593417 0.00167208 0.000268014 0.00321377
3063.44 1140.19 2.54137 2 0.000127096 0.00205247 0.000565474 0.00154919 0.00026531 0.00306143
3063.3 1140.9 2.57361 2 0.000132204 0.00171205 0.00054985 0.00167809 0.000256897 0.00318672
3063.25 1140.33 2.6054 2 0.0001292 0.00172376 0.000607839 0.00154979 0.00031068 0.00312393
3063.5 1140.92 2.63713 2 0.000138514 0.00162161 0.000635181 0.00147828 0.00028484 0.00297189
3063.24 1140.13 2.66911 2 0.000124092 0.00177785 0.000605435 0.00162191 0.000340126 0.00327266
3063.38 1140.05 2.70085 2 0.000124693 0.00185326 0.000697978 0.00153207 0.000279732 0.00314105
3063.33 1140.07 2.73239 2 0.000179377 0.00170874 0.000565774 0.00156121 0.000295356 0.00314526
3064.21 1141.05 2.76414 2 0.000215433 0.00165015 0.000677246 0.00154829 0.000256296 0.00325703
3063.42 1140.2 2.79619 2 0.000161349 0.00177003 0.000606337 0.00156932 0.00027823 0.00307555
3063.28 1140.18 2.82804 2 0.000124993 0.00174089 0.000580797 0.00146687 0.0003882 0.00320445
3063.3 1140.12 2.85963 2 0.000128899 0.00165105 0.000605736 0.00165616 0.000262305 0.00311611
3063.25 1140.33 2.89108 2 0.00012289 0.00179437 0.000713302 0.00150503 0.000295957 0.00314526
3063.27 1140.23 2.92339 2 0.000199809 0.00168951 0.000621661 0.00160268 0.000328708 0.00331322
3064.05 1140.33 2.95675 2 0.000142721 0.00167329 0.000564572 0.00153417 0.000259601 0.00323209
3063.37 1140.22 2.98863 2 0.000124693 0.00173278 0.000578995 0.00156632 0.000251188 0.00333545
3064.08 1140.33 3.0215 2 0.000126195 0.00176883 0.000687162 0.00150022 0.000338022 0.00329159
3063.19 1140.46 3.05404 2 0.000131603 0.00197856 0.000621661 0.0015543 0.000260202 0.00325192
3063.17 1140.25 3.08647 2 0.000193499 0.00170994 0.00054985 0.00157804 0.000308276 0.00312633
3064.12 1140.5 3.11896 2 0.000124993 0.0017487 0.000594919 0.00159216 0.000335318 0.00338924
3063.89 1140.53 3.1512 2 0.000128599 0.00183013 0.00066042 0.00152395 0.000305873 0.0032997
3063.4 1140.25 3.18412 2 0.0001292 0.00171505 0.000622562 0.00152756 0.000289648 0.0032997
3064.1 1140.55 3.21617 2 0.000163152 0.00171024 0.000594318 0.00154318 0.000286643 0.00318011
3063.33 1140.26 3.24822 2 0.00012289 0.00177875 0.000619858 0.00149241 0.000342529 0.00316419
3063.99 1140.45 3.28065 2 0.000123791 0.00170874 0.000695875 0.00164745 0.000304971 0.00320235
3063.24 1140.24 3.31255 2 0.000140016 0.00179407 0.000610243 0.00156031 0.000296558 0.0031729
3064.03 1140.39 3.34549 2 0.000176373 0.0020032 0.000570281 0.0015558 0.000270718 0.00314075
3063.58 1140.8 3.37777 2 0.000127397 0.00178055 0.000566075 0.0014912 0.000255395 0.00318342
3063.52 1140.82 3.41054 2 0.000200109 0.00167869 0.000653209 0.00163873 0.000268916 0.00315608
3064.14 1140.4 3.44348 2 0.000156542 0.00170874 0.000577492 0.00165676 0.000277329 0.00328768
3063.37 1140.14 3.47512 2 0.000127998 0.00171114 0.000712701 0.00155941 0.000282136 0.00338383
3063.25 1140.3 3.5076 2 0.00016796 0.00182292 0.000577793 0.00159366 0.000256296 0.00308697
3063.42 1140.2 3.53962 2 0.000126495 0.00169672 0.000564272 0.00175621 0.00029115 0.00312032
3063.47 1140.95 3.57095 2 0.000125895 0.00182322 0.000668533 0.00154619 0.000267413 0.00309358
3064.04 1140.56 3.60346 2 0.000194701 0.00170333 0.00059552 0.0015531 0.000312483 0.00344362
3063.57 1140.83 3.63597 2 0.000130401 0.00175681 0.000551352 0.00160778 0.000257798 0.00328317
3064.01 1140.6 3.66768 2 0.000124993 0.0016814 0.000606337 0.00156602 0.000251489 0.0032378
3063.33 1140.89 3.69949 2 0.000169762 0.00170754 0.000548948 0.00172016 0.000270718 0.00315818
3063.3 1140.9 3.73427 2 0.000130702 0.00166457 0.000594318 0.00149631 0.000263207 0.00332584
3064.11 1140.38 3.76798 2 0.000127096 0.00178506 0.000578694 0.00146627 0.000250888 0.00339284
3063.44 1140.19 3.8014 2 0.000126796 0.00192117 0.000584102 0.00153808 0.000264409 0.0032354
3063.58 1140.8 3.83423 2 0.000130702 0.00169462 0.000594018 0.00155821 0.000312783 0.0033637
3063.97 1140.51 3.86761 2 0.000124993 0.00166818 0.000667031 0.00149751 0.000251489 0.00325884
3063.4 1140.1 3.899 2 0.000171866 0.00170904 0.000594018 0.00170814 0.000260503 0.00314045
3063.99 1140.46 3.93373 2 0.000127998 0.0018782 0.000551652 0.00158916 0.000254493 0.00323059
3063.45 1140.13 3.96527 2 0.000161049 0.00169492 0.00061505 0.00146597 0.000300164 0.00352204
3063.45 1140.88 3.998 2 0.000165255 0.00170904 0.000576891 0.00146266 0.000250587 0.00316118
3064.06 1140.34 4.03353 2 0.000212729 0.0020092 0.0005823 0.00152606 0.000322398 0.00358153
3063.45 1140.13 4.06814 2 0.000125594 0.00178025 0.000549549 0.00151224 0.000256296 0.00338142
3063.31 1141 4.09977 2 0.000124092 0.00166908 0.000633679 0.00164264 0.000265911 0.00314917
3063.25 1140.12 4.1308 2 0.0001292 0.00173668 0.000611745 0.00151855 0.000279432 0.00303859
3063.31 1140.09 4.16343 2 0.000157443 0.00166487 0.000593717 0.00164805 0.000286643 0.00328377
3063.4 1140.23 4.19494 2 0.000136711 0.001685 0.000591614 0.00150863 0.000256897 0.00328858
3063.35 1140.23 4.22658 2 0.000158645 0.00176342 0.000694072 0.00160869 0.000253291 0.00319123
3063.24 1140.17 4.258 2 0.000127998 0.00169312 0.000565774 0.00161199 0.000345534 0.00319724
3063.99 1140.45 4.29103 2 0.000126796 0.00174299 0.000599727 0.00165376 0.000259902 0.00345143
3063.4 1140.97 4.32392 2 0.000134308 0.00179708 0.000594919 0.0016207 0.000324802 0.00321707
3063.35 1140.1 4.35653 2 0.000163453 0.00171295 0.000583502 0.00155851 0.000282436 0.0032997
3063.25 1140.33 4.38947 2 0.000124693 0.00177454 0.000550451 0.00179377 0.000360257 0.00351002
3063.47 1140.93 4.42139 2 0.000127096 0.00202152 0.000654111 0.0015534 0.000360858 0.00311702
3063.36 1141.04 4.45383 2 0.000131603 0.00163663 0.000565173 0.00154138 0.000259301 0.00348779
3063.25 1140.3 4.48514 2 0.000162251 0.0016811 0.000573586 0.00146536 0.000296859 0.00334146
3064.02 1140.37 4.51684 2 0.00016856 0.00171325 0.000606637 0.00152846 0.000257498 0.00318132
3063.52 1140.07 4.54884 2 0.000124993 0.00172436 0.000565173 0.00159126 0.000288145 0.00329609
3063.58 1140.87 4.58128 2 0.000124092 0.00184275 0.000665228 0.00175471 0.000265911 0.00315728
