x y t case x_pre y_pre x_cor y_cor
0 0 0.128586 1 -431602080 -431602080 0 0
0 0 0.249035 4 -431602080 -431602080 0 0
0 0 0.376304 4 -431602080 -431602080 0 0
0 0 0.499734 4 -431602080 -431602080 0 0
0 0 0.627721 4 -431602080 -431602080 0 0
0 0 0.749321 4 -431602080 -431602080 0 0
0 0 0.87443 4 -431602080 -431602080 0 0
0 0 1.00172 4 -431602080 -431602080 0 0
0 0 1.12364 4 -431602080 -431602080 0 0
0 0 1.24842 4 -431602080 -431602080 0 0
0 0 1.37758 4 -431602080 -431602080 0 0
0 0 1.49791 4 -431602080 -431602080 0 0
0 0 1.62461 4 -431602080 -431602080 0 0
0 0 1.74663 4 -431602080 -431602080 0 0
0 0 1.87241 4 -431602080 -431602080 0 0
0 0 1.99915 4 -431602080 -431602080 0 0
0 0 2.12312 4 -431602080 -431602080 0 0
0 0 2.24591 4 -431602080 -431602080 0 0
0 0 2.37195 4 -431602080 -431602080 0 0
0 0 2.49477 4 -431602080 -431602080 0 0
0 0 2.62121 4 -431602080 -431602080 0 0
0 0 2.74857 4 -431602080 -431602080 0 0
0 0 2.86975 4 -431602080 -431602080 0 0
0 0 2.99553 4 -431602080 -431602080 0 0
0 0 3.11722 4 -431602080 -431602080 0 0
0 0 3.24366 4 -431602080 -431602080 0 0
0 0 3.36884 4 -431602080 -431602080 0 0
0 0 3.49678 4 -431602080 -431602080 0 0
0 0 3.62094 4 -431602080 -431602080 0 0
0 0 3.74345 4 -431602080 -431602080 0 0
0 0 3.86726 4 -431602080 -431602080 0 0
0 0 3.99447 4 -431602080 -431602080 0 0
0 0 4.11633 4 -431602080 -431602080 0 0
0 0 4.24299 4 -431602080 -431602080 0 0
0 0 4.36656 4 -431602080 -431602080 0 0
0 0 4.49483 4 -431602080 -431602080 0 0
0 0 4.61617 4 -431602080 -431602080 0 0
0 0 4.74354 4 -431602080 -431602080 0 0
0 0 4.87058 4 -431602080 -431602080 0 0
0 0 4.9916 4 -431602080 -431602080 0 0
0 0 5.11628 4 -431602080 -431602080 0 0
0 0 5.24064 4 -431602080 -431602080 0 0
0 0 5.36517 4 -431602080 -431602080 0 0
0 0 5.4901 4 -431602080 -431602080 0 0
0 0 5.61469 4 -431602080 -431602080 0 0
0 0 5.73926 4 -431602080 -431602080 0 0
0 0 5.86453 4 -431602080 -431602080 0 0
0 0 5.99221 4 -431602080 -431602080 0 0
0 0 6.11947 4 -431602080 -431602080 0 0
0 0 6.2365 4 -431602080 -431602080 0 0
0 0 6.36642 4 -431602080 -431602080 0 0
0 0 6.48894 4 -431602080 -431602080 0 0
0 0 6.61699 4 -431602080 -431602080 0 0
0 0 6.74151 4 -431602080 -431602080 0 0
0 0 6.86468 4 -431602080 -431602080 0 0
0 0 6.98884 4 -431602080 -431602080 0 0
0 0 7.11374 4 -431602080 -431602080 0 0
0 0 7.23689 4 -431602080 -431602080 0 0
0 0 7.36616 4 -431602080 -431602080 0 0
0 0 7.48654 4 -431602080 -431602080 0 0
0 0 7.61495 4 -431602080 -431602080 0 0
0 0 7.73738 4 -431602080 -431602080 0 0
0 0 7.86371 4 -431602080 -431602080 0 0
0 0 7.98702 4 -431602080 -431602080 0 0
0 0 8.11409 4 -431602080 -431602080 0 0
0 0 8.23542 4 -431602080 -431602080 0 0
0 0 8.36069 4 -431602080 -431602080 0 0
0 0 8.48861 4 -431602080 -431602080 0 0
0 0 8.60987 4 -431602080 -431602080 0 0
0 0 8.73636 4 -431602080 -431602080 0 0
0 0 8.85802 4 -431602080 -431602080 0 0
0 0 8.98882 4 -431602080 -431602080 0 0
0 0 9.11235 4 -431602080 -431602080 0 0
0 0 9.23659 4 -431602080 -431602080 0 0
0 0 9.35895 4 -431602080 -431602080 0 0
0 0 9.48463 4 -431602080 -431602080 0 0
0 0 9.61409 4 -431602080 -431602080 0 0
0 0 9.74123 4 -431602080 -431602080 0 0
0 0 9.8591 4 -431602080 -431602080 0 0
0 0 9.98637 4 -431602080 -431602080 0 0
0 0 10.11 4 -431602080 -431602080 0 0
0 0 10.2358 4 -431602080 -431602080 0 0
0 0 10.3575 4 -431602080 -431602080 0 0
0 0 10.4851 4 -431602080 -431602080 0 0
0 0 10.6062 4 -431602080 -431602080 0 0
3234.24 1289.31 10.739 4 -431602080 -431602080 3234 1289
3249.43 1287.55 10.759 2 3234 1289 3249 1287
3256.04 1268.84 10.7881 2 3251 1287 3256 1268
3253.83 1263.11 10.8047 2 3258 1265 3253 1263
3254.42 1260.62 10.8193 2 3254 1259 3254 1260
3254.2 1258.59 10.8357 2 3255 1256 3254 1258
3252.75 1256.83 10.852 2 3254 1255 3252 1256
3251.52 1254.5 10.8823 2 3252 1251 3251 1254
3250.82 1250.69 10.8994 2 3251 1252 3250 1250
3249.31 1249.31 10.9298 2 3250 1246 3249 1249
3247.09 1246.11 10.9449 2 3248 1247 3247 1246
3246 1244.84 10.9602 2 3246 1244 3246 1244
3244.2 1244.52 10.977 2 3244 1243 3244 1244
3243.28 1242.69 11.0075 2 3241 1242 3243 1242
3241.11 1241.66 11.0247 2 3242 1241 3241 1241
3241.47 1242.16 11.0538 2 3239 1239 3241 1242
3240.29 1241.92 11.0702 2 3241 1241 3240 1241
3238.36 1241.7 11.087 2 3239 1241 3238 1241
3235.35 1241.21 11.116 2 3236 1241 3235 1241
3233.2 1241.81 11.1325 2 3233 1240 3233 1241
3234.49 1241.89 11.1485 2 3231 1241 3234 1241
3233.71 1241.28 11.1642 2 3233 1241 3233 1241
3230.86 1241.48 11.1934 2 3232 1240 3230 1241
3231.12 1241.86 11.2099 2 3229 1241 3231 1241
3228.9 1240.84 11.2269 2 3230 1241 3228 1240
3226.75 1241.06 11.2427 2 3227 1240 3226 1241
3226.68 1240.78 11.2723 2 3223 1240 3226 1240
3226.01 1239.94 11.2879 2 3226 1240 3226 1239
3224.74 1237.6 11.3035 2 3225 1239 3224 1237
3224.68 1238.97 11.3199 2 3223 1236 3224 1238
3225.15 1239.08 11.3353 2 3224 1238 3225 1239
3224.75 1239.53 11.352 2 3224 1238 3224 1239
3224.47 1239.04 11.381 2 3224 1239 3224 1239
3222.77 1238.34 11.3961 2 3224 1238 3222 1238
3221.96 1238.96 11.4121 2 3222 1238 3221 1238
3223.57 1238.45 11.4276 2 3221 1238 3223 1238
3221.49 1237.85 11.4432 2 3223 1238 3221 1237
3221.73 1240.09 11.4594 2 3220 1237 3221 1240
3219.21 1239.57 11.4752 2 3221 1240 3219 1239
3221.46 1240.68 11.4906 2 3218 1239 3221 1240
3221.21 1240.9 11.506 2 3221 1241 3221 1240
3221.28 1241.49 11.5216 2 3221 1241 3221 1241
3220.39 1242.01 11.5367 2 3221 1241 3220 1242
3219.52 1242.02 11.5523 2 3220 1242 3219 1242
3221.37 1242.51 11.5676 2 3219 1242 3221 1242
3220.08 1242.96 11.5838 2 3221 1242 3220 1242
3219.11 1242.29 11.5993 2 3219 1243 3219 1242
3218.09 1243.53 11.6147 2 3218 1242 3218 1243
3219.39 1242.97 11.6318 2 3217 1243 3219 1242
3218.15 1243.85 11.6464 2 3219 1243 3218 1243
3219.05 1243.31 11.6633 2 3217 1244 3219 1243
3217.58 1243.02 11.6936 2 3219 1243 3217 1243
3216.25 1244.42 11.7099 2 3217 1242 3216 1244
3215.33 1244.59 11.7407 2 3214 1244 3215 1244
3214.49 1243.77 11.7552 2 3214 1244 3214 1243
3215.64 1244.09 11.7713 2 3213 1243 3215 1244
3214 1245.22 11.7867 2 3215 1244 3214 1245
3212.13 1244.46 11.802 2 3213 1245 3212 1244
3213.09 1244.35 11.8177 2 3211 1244 3213 1244
3211.23 1244.43 11.8333 2 3212 1244 3211 1244
3211.82 1242.47 11.8483 2 3210 1244 3211 1242
3210.9 1243.76 11.864 2 3211 1241 3210 1243
3209.81 1243.82 11.8797 2 3210 1243 3209 1243
3208.59 1242.76 11.8953 2 3209 1243 3208 1242
3210.46 1242.56 11.911 2 3207 1242 3210 1242
3209.59 1239.9 11.9262 2 3210 1242 3209 1239
3208.94 1242.7 11.9428 2 3209 1238 3208 1242
3209.63 1242.25 11.9579 2 3208 1242 3209 1242
3208.33 1241.85 11.973 2 3209 1242 3208 1241
3208.73 1241.64 11.9881 2 3207 1241 3208 1241
3207.94 1241.48 12.0039 2 3208 1241 3207 1241
3207.58 1239.33 12.0209 2 3207 1241 3207 1239
3206.99 1241.65 12.0365 2 3207 1238 3206 1241
3206.09 1240.59 12.0518 2 3206 1241 3206 1240
3206.76 1241.69 12.0672 2 3205 1240 3206 1241
3206.65 1239.98 12.0831 2 3206 1241 3206 1239
3207.23 1239.95 12.0996 2 3206 1239 3207 1239
3207.3 1239.96 12.1138 2 3207 1239 3207 1239
3206.54 1239.07 12.13 2 3207 1239 3206 1239
3205.88 1239.12 12.146 2 3206 1238 3205 1239
3205.5 1237.52 12.1619 2 3205 1238 3205 1237
3206.38 1238.39 12.1769 2 3205 1236 3206 1238
3204.9 1239.72 12.1927 2 3206 1238 3204 1239
3205.99 1238.72 12.208 2 3204 1239 3205 1238
3207.26 1239.68 12.2237 2 3205 1238 3207 1239
3206.64 1239.67 12.2388 2 3207 1239 3206 1239
3207.9 1237.78 12.2548 2 3206 1239 3207 1237
3209.8 1235.9 12.2702 2 3208 1237 3209 1235
3210.67 1235.01 12.2828 2 3210 1235 3210 1235
3211.49 1234.19 12.2971 3 3211 1234 3211 1234
3212.38 1233.29 12.3131 3 3212 1233 3212 1233
3213.27 1232.39 12.3291 3 3213 1232 3213 1232
3214.1 1231.55 12.3444 3 3214 1231 3214 1231
3200.43 1204.97 12.3638 3 3214 1230 3200 1204
3198.97 1199.87 12.3766 2 3198 1199 3198 1199
3197.63 1195.24 12.3914 3 3197 1195 3197 1195
3196.19 1190.23 12.4074 3 3196 1190 3196 1190
3194.84 1185.53 12.4221 3 3194 1185 3194 1185
3193.39 1180.51 12.4387 3 3193 1180 3193 1180
3192.04 1175.8 12.453 3 3192 1175 3192 1175
3190.59 1170.78 12.4696 3 3190 1170 3190 1170
3189.14 1165.76 12.4853 3 3189 1165 3189 1165
3187.79 1161.05 12.5008 3 3187 1161 3187 1161
3186.34 1156.01 12.5166 3 3186 1156 3186 1156
3184.99 1151.34 12.5317 3 3184 1151 3184 1151
3183.54 1146.3 12.5477 3 3183 1146 3183 1146
3182.09 1141.26 12.5636 3 3182 1141 3182 1141
3180.74 1136.58 12.5786 3 3180 1136 3180 1136
3179.29 1131.54 12.5945 3 3179 1131 3179 1131
3177.94 1126.86 12.6094 3 3177 1126 3177 1126
3177.94 1126.86 12.7361 4 3177 1126 3177 1126
3177.94 1126.86 12.856 4 3177 1126 3177 1126
3177.94 1126.86 12.9793 4 3177 1126 3177 1126
3177.94 1126.86 13.1049 4 3177 1126 3177 1126
3177.94 1126.86 13.2271 4 3177 1126 3177 1126
3177.94 1126.86 13.3533 4 3177 1126 3177 1126
3177.94 1126.86 13.4781 4 3177 1126 3177 1126
3177.94 1126.86 13.6045 4 3177 1126 3177 1126
3177.94 1126.86 13.7277 4 3177 1126 3177 1126
3177.94 1126.86 13.8559 4 3177 1126 3177 1126
3177.94 1126.86 13.9757 4 3177 1126 3177 1126
3177.94 1126.86 14.1026 4 3177 1126 3177 1126
3177.94 1126.86 14.2271 4 3177 1126 3177 1126
3177.94 1126.86 14.3515 4 3177 1126 3177 1126
3177.94 1126.86 14.4758 4 3177 1126 3177 1126
3177.94 1126.86 14.6024 4 3177 1126 3177 1126
3177.94 1126.86 14.7249 4 3177 1126 3177 1126
3177.94 1126.86 14.8499 4 3177 1126 3177 1126
3177.94 1126.86 14.975 4 3177 1126 3177 1126
3177.94 1126.86 15.0999 4 3177 1126 3177 1126
3177.94 1126.86 15.2244 4 3177 1126 3177 1126
3177.94 1126.86 15.3503 4 3177 1126 3177 1126
3177.94 1126.86 15.4769 4 3177 1126 3177 1126
3177.94 1126.86 15.603 4 3177 1126 3177 1126
3177.94 1126.86 15.7247 4 3177 1126 3177 1126
3177.94 1126.86 15.8493 4 3177 1126 3177 1126
3177.94 1126.86 15.9741 4 3177 1126 3177 1126
3177.94 1126.86 16.0987 4 3177 1126 3177 1126
3177.94 1126.86 16.2244 4 3177 1126 3177 1126
3177.94 1126.86 16.3464 4 3177 1126 3177 1126
3177.94 1126.86 16.4729 4 3177 1126 3177 1126
3177.94 1126.86 16.5975 4 3177 1126 3177 1126
3177.94 1126.86 16.7236 4 3177 1126 3177 1126
3177.94 1126.86 16.8486 4 3177 1126 3177 1126
3177.94 1126.86 16.9735 4 3177 1126 3177 1126
3177.94 1126.86 17.0956 4 3177 1126 3177 1126
3177.94 1126.86 17.2238 4 3177 1126 3177 1126
3177.94 1126.86 17.3477 4 3177 1126 3177 1126
3177.94 1126.86 17.4711 4 3177 1126 3177 1126
3177.94 1126.86 17.5959 4 3177 1126 3177 1126
3177.94 1126.86 17.7215 4 3177 1126 3177 1126
3177.94 1126.86 17.8451 4 3177 1126 3177 1126
3177.94 1126.86 17.9696 4 3177 1126 3177 1126
3177.94 1126.86 18.094 4 3177 1126 3177 1126
3177.94 1126.86 18.2191 4 3177 1126 3177 1126
3177.94 1126.86 18.3435 4 3177 1126 3177 1126
3177.94 1126.86 18.4756 4 3177 1126 3177 1126
3177.94 1126.86 18.5933 4 3177 1126 3177 1126
3177.94 1126.86 18.7213 4 3177 1126 3177 1126
3177.94 1126.86 18.8432 4 3177 1126 3177 1126
3177.94 1126.86 18.9685 4 3177 1126 3177 1126
3177.94 1126.86 19.094 4 3177 1126 3177 1126
3177.94 1126.86 19.2189 4 3177 1126 3177 1126
3177.94 1126.86 19.346 4 3177 1126 3177 1126
3177.94 1126.86 19.4666 4 3177 1126 3177 1126
3177.94 1126.86 19.5969 4 3177 1126 3177 1126
3177.94 1126.86 19.7187 4 3177 1126 3177 1126
3177.94 1126.86 19.8462 4 3177 1126 3177 1126
3177.94 1126.86 19.968 4 3177 1126 3177 1126
3177.94 1126.86 20.0938 4 3177 1126 3177 1126
3177.94 1126.86 20.2182 4 3177 1126 3177 1126
3177.94 1126.86 20.3469 4 3177 1126 3177 1126
3177.94 1126.86 20.4683 4 3177 1126 3177 1126
3177.94 1126.86 20.5911 4 3177 1126 3177 1126
3177.94 1126.86 20.7172 4 3177 1126 3177 1126
3177.94 1126.86 20.842 4 3177 1126 3177 1126
3177.94 1126.86 20.9674 4 3177 1126 3177 1126
3177.94 1126.86 21.0914 4 3177 1126 3177 1126
3177.94 1126.86 21.2174 4 3177 1126 3177 1126
3177.94 1126.86 21.3404 4 3177 1126 3177 1126
3177.94 1126.86 21.4661 4 3177 1126 3177 1126
3177.94 1126.86 21.5917 4 3177 1126 3177 1126
3177.94 1126.86 21.717 4 3177 1126 3177 1126
3177.94 1126.86 21.841 4 3177 1126 3177 1126
3177.94 1126.86 21.9643 4 3177 1126 3177 1126
3177.94 1126.86 22.09 4 3177 1126 3177 1126
3177.94 1126.86 22.2167 4 3177 1126 3177 1126
3177.94 1126.86 22.3402 4 3177 1126 3177 1126
3177.94 1126.86 22.4655 4 3177 1126 3177 1126
3177.94 1126.86 22.5876 4 3177 1126 3177 1126
3177.94 1126.86 22.7154 4 3177 1126 3177 1126
3177.94 1126.86 22.8394 4 3177 1126 3177 1126
3177.94 1126.86 22.9668 4 3177 1126 3177 1126
3177.94 1126.86 23.0896 4 3177 1126 3177 1126
3177.94 1126.86 23.2157 4 3177 1126 3177 1126
3177.94 1126.86 23.3392 4 3177 1126 3177 1126
3177.94 1126.86 23.4652 4 3177 1126 3177 1126
3177.94 1126.86 23.5872 4 3177 1126 3177 1126
3177.94 1126.86 23.7191 4 3177 1126 3177 1126
3177.94 1126.86 23.8375 4 3177 1126 3177 1126
3177.94 1126.86 23.9812 4 3177 1126 3177 1126
3177.94 1126.86 24.1417 4 3177 1126 3177 1126
3177.94 1126.86 24.2967 4 3177 1126 3177 1126
3177.94 1126.86 24.4464 4 3177 1126 3177 1126
3177.94 1126.86 24.573 4 3177 1126 3177 1126
3177.94 1126.86 24.6983 4 3177 1126 3177 1126
3177.94 1126.86 24.8245 4 3177 1126 3177 1126
3177.94 1126.86 24.9452 4 3177 1126 3177 1126
3177.94 1126.86 25.0725 4 3177 1126 3177 1126
3177.94 1126.86 25.1953 4 3177 1126 3177 1126
3177.94 1126.86 25.3233 4 3177 1126 3177 1126
3177.94 1126.86 25.4476 4 3177 1126 3177 1126
3177.94 1126.86 25.567 4 3177 1126 3177 1126
3177.94 1126.86 25.6954 4 3177 1126 3177 1126
3177.94 1126.86 25.8157 4 3177 1126 3177 1126
3177.94 1126.86 25.9438 4 3177 1126 3177 1126
3177.94 1126.86 26.0667 4 3177 1126 3177 1126
3177.94 1126.86 26.1921 4 3177 1126 3177 1126
3177.94 1126.86 26.3184 4 3177 1126 3177 1126
3177.94 1126.86 26.439 4 3177 1126 3177 1126
3177.94 1126.86 26.5674 4 3177 1126 3177 1126
3177.94 1126.86 26.6891 4 3177 1126 3177 1126
3177.94 1126.86 26.8149 4 3177 1126 3177 1126
3177.94 1126.86 26.939 4 3177 1126 3177 1126
3177.94 1126.86 27.0681 4 3177 1126 3177 1126
3177.94 1126.86 27.1891 4 3177 1126 3177 1126
3177.94 1126.86 27.3138 4 3177 1126 3177 1126
3177.94 1126.86 27.44 4 3177 1126 3177 1126
3177.94 1126.86 27.5634 4 3177 1126 3177 1126
3177.94 1126.86 27.6871 4 3177 1126 3177 1126
3177.94 1126.86 27.8117 4 3177 1126 3177 1126
3177.94 1126.86 27.9405 4 3177 1126 3177 1126
3177.94 1126.86 28.0647 4 3177 1126 3177 1126
3177.94 1126.86 28.1866 4 3177 1126 3177 1126
3177.94 1126.86 28.3183 4 3177 1126 3177 1126
3177.94 1126.86 28.4414 4 3177 1126 3177 1126
3177.94 1126.86 28.5673 4 3177 1126 3177 1126
3177.94 1126.86 28.6888 4 3177 1126 3177 1126
3177.94 1126.86 28.8131 4 3177 1126 3177 1126
3177.94 1126.86 28.9361 4 3177 1126 3177 1126
3177.94 1126.86 29.0626 4 3177 1126 3177 1126
3177.94 1126.86 29.1851 4 3177 1126 3177 1126
3177.94 1126.86 29.31 4 3177 1126 3177 1126
3177.94 1126.86 29.4356 4 3177 1126 3177 1126
3177.94 1126.86 29.5631 4 3177 1126 3177 1126
3177.94 1126.86 29.6837 4 3177 1126 3177 1126
3177.94 1126.86 29.8086 4 3177 1126 3177 1126
3177.94 1126.86 29.9386 4 3177 1126 3177 1126
3177.94 1126.86 30.0627 4 3177 1126 3177 1126
3177.94 1126.86 30.1852 4 3177 1126 3177 1126
3177.94 1126.86 30.3048 4 3177 1126 3177 1126
3177.94 1126.86 30.434 4 3177 1126 3177 1126
3177.94 1126.86 30.5562 4 3177 1126 3177 1126
3177.94 1126.86 30.6821 4 3177 1126 3177 1126
3177.94 1126.86 30.8085 4 3177 1126 3177 1126
3177.94 1126.86 30.9334 4 3177 1126 3177 1126
3177.94 1126.86 31.0556 4 3177 1126 3177 1126
3177.94 1126.86 31.1833 4 3177 1126 3177 1126
3177.94 1126.86 31.3049 4 3177 1126 3177 1126
3177.94 1126.86 31.4338 4 3177 1126 3177 1126
3177.94 1126.86 31.5567 4 3177 1126 3177 1126
3177.94 1126.86 31.682 4 3177 1126 3177 1126
3177.94 1126.86 31.8063 4 3177 1126 3177 1126
3177.94 1126.86 31.9347 4 3177 1126 3177 1126
3177.94 1126.86 32.0554 4 3177 1126 3177 1126
3177.94 1126.86 32.1815 4 3177 1126 3177 1126
3177.94 1126.86 32.3034 4 3177 1126 3177 1126
3177.94 1126.86 32.8942 4 3177 1126 3177 1126
3177.94 1126.86 33.025 4 3177 1126 3177 1126
3177.94 1126.86 33.1489 4 3177 1126 3177 1126
3177.94 1126.86 33.2725 4 3177 1126 3177 1126
3177.94 1126.86 33.3983 4 3177 1126 3177 1126
3177.94 1126.86 33.5299 4 3177 1126 3177 1126
3177.94 1126.86 33.6468 4 3177 1126 3177 1126
3177.94 1126.86 33.7756 4 3177 1126 3177 1126
3177.94 1126.86 33.8932 4 3177 1126 3177 1126
3177.94 1126.86 34.0214 4 3177 1126 3177 1126
3177.94 1126.86 34.144 4 3177 1126 3177 1126
3177.94 1126.86 34.2729 4 3177 1126 3177 1126
3177.94 1126.86 34.3956 4 3177 1126 3177 1126
3177.94 1126.86 34.5206 4 3177 1126 3177 1126
3177.94 1126.86 34.6427 4 3177 1126 3177 1126
3177.94 1126.86 34.7728 4 3177 1126 3177 1126
3177.94 1126.86 34.8927 4 3177 1126 3177 1126
3177.94 1126.86 35.0213 4 3177 1126 3177 1126
3177.94 1126.86 35.144 4 3177 1126 3177 1126
3177.94 1126.86 35.2676 4 3177 1126 3177 1126
3177.94 1126.86 35.3938 4 3177 1126 3177 1126
3177.94 1126.86 35.5178 4 3177 1126 3177 1126
3177.94 1126.86 35.6422 4 3177 1126 3177 1126
3177.94 1126.86 36.4847 4 3177 1126 3177 1126
3177.94 1126.86 36.6124 4 3177 1126 3177 1126
3177.94 1126.86 36.7349 4 3177 1126 3177 1126
3177.94 1126.86 36.8629 4 3177 1126 3177 1126
3177.94 1126.86 36.9886 4 3177 1126 3177 1126
3177.94 1126.86 37.1142 4 3177 1126 3177 1126
3177.94 1126.86 37.2338 4 3177 1126 3177 1126
3177.94 1126.86 37.3598 4 3177 1126 3177 1126
3177.94 1126.86 37.4829 4 3177 1126 3177 1126
3177.94 1126.86 37.6126 4 3177 1126 3177 1126
3177.94 1126.86 37.733 4 3177 1126 3177 1126
3177.94 1126.86 37.8615 4 3177 1126 3177 1126
3177.94 1126.86 37.9824 4 3177 1126 3177 1126
3177.94 1126.86 38.1042 4 3177 1126 3177 1126
3177.94 1126.86 38.2338 4 3177 1126 3177 1126
3177.94 1126.86 38.358 4 3177 1126 3177 1126
3177.94 1126.86 38.4887 4 3177 1126 3177 1126
3177.94 1126.86 38.6114 4 3177 1126 3177 1126
3177.94 1126.86 38.7346 4 3177 1126 3177 1126
3177.94 1126.86 38.8576 4 3177 1126 3177 1126
3177.94 1126.86 38.9809 4 3177 1126 3177 1126
3177.94 1126.86 39.1064 4 3177 1126 3177 1126
3177.94 1126.86 39.2323 4 3177 1126 3177 1126
3177.94 1126.86 39.3587 4 3177 1126 3177 1126
3177.94 1126.86 40.0061 4 3177 1126 3177 1126
3177.94 1126.86 40.1307 4 3177 1126 3177 1126
3177.94 1126.86 40.2497 4 3177 1126 3177 1126
3177.94 1126.86 40.3697 4 3177 1126 3177 1126
3177.94 1126.86 40.4926 4 3177 1126 3177 1126
3177.94 1126.86 40.6207 4 3177 1126 3177 1126
3177.94 1126.86 40.7434 4 3177 1126 3177 1126
3177.94 1126.86 40.8696 4 3177 1126 3177 1126
3177.94 1126.86 40.9935 4 3177 1126 3177 1126
3177.94 1126.86 41.1177 4 3177 1126 3177 1126
3177.94 1126.86 41.2434 4 3177 1126 3177 1126
3177.94 1126.86 41.3663 4 3177 1126 3177 1126
3177.94 1126.86 41.4981 4 3177 1126 3177 1126
3177.94 1126.86 41.6167 4 3177 1126 3177 1126
3177.94 1126.86 41.7402 4 3177 1126 3177 1126
3177.94 1126.86 41.865 4 3177 1126 3177 1126
3177.94 1126.86 41.9919 4 3177 1126 3177 1126
3177.94 1126.86 42.1171 4 3177 1126 3177 1126
3177.94 1126.86 42.2399 4 3177 1126 3177 1126
3177.94 1126.86 42.3669 4 3177 1126 3177 1126
3177.94 1126.86 42.4911 4 3177 1126 3177 1126
3177.94 1126.86 42.6177 4 3177 1126 3177 1126
3177.94 1126.86 42.742 4 3177 1126 3177 1126
3177.94 1126.86 42.8643 4 3177 1126 3177 1126
3177.94 1126.86 42.9923 4 3177 1126 3177 1126
3177.94 1126.86 43.1134 4 3177 1126 3177 1126
3177.94 1126.86 43.2429 4 3177 1126 3177 1126
3177.94 1126.86 43.3634 4 3177 1126 3177 1126
3177.94 1126.86 43.4882 4 3177 1126 3177 1126
3177.94 1126.86 43.6137 4 3177 1126 3177 1126
3177.94 1126.86 43.7432 4 3177 1126 3177 1126
3177.94 1126.86 43.8706 4 3177 1126 3177 1126
3177.94 1126.86 43.9932 4 3177 1126 3177 1126
3177.94 1126.86 44.1183 4 3177 1126 3177 1126
3177.94 1126.86 44.2388 4 3177 1126 3177 1126
3177.94 1126.86 44.3637 4 3177 1126 3177 1126
3177.94 1126.86 44.4869 4 3177 1126 3177 1126
3177.94 1126.86 44.6121 4 3177 1126 3177 1126
3177.94 1126.86 44.742 4 3177 1126 3177 1126
3177.94 1126.86 44.8653 4 3177 1126 3177 1126
3177.94 1126.86 44.986 4 3177 1126 3177 1126
3177.94 1126.86 45.1118 4 3177 1126 3177 1126
3177.94 1126.86 45.2358 4 3177 1126 3177 1126
3177.94 1126.86 45.3621 4 3177 1126 3177 1126
3177.94 1126.86 45.485 4 3177 1126 3177 1126
3177.94 1126.86 45.6115 4 3177 1126 3177 1126
3177.94 1126.86 45.7324 4 3177 1126 3177 1126
3177.94 1126.86 45.8612 4 3177 1126 3177 1126
3177.94 1126.86 45.9839 4 3177 1126 3177 1126
3177.94 1126.86 46.1109 4 3177 1126 3177 1126
3177.94 1126.86 46.2334 4 3177 1126 3177 1126
3177.94 1126.86 46.3624 4 3177 1126 3177 1126
3177.94 1126.86 46.4862 4 3177 1126 3177 1126
3177.94 1126.86 46.6107 4 3177 1126 3177 1126
3177.94 1126.86 46.7319 4 3177 1126 3177 1126
3177.94 1126.86 46.8566 4 3177 1126 3177 1126
3177.94 1126.86 46.9818 4 3177 1126 3177 1126
3177.94 1126.86 47.1109 4 3177 1126 3177 1126
3177.94 1126.86 47.2333 4 3177 1126 3177 1126
3177.94 1126.86 47.3587 4 3177 1126 3177 1126
3177.94 1126.86 47.4821 4 3177 1126 3177 1126
3177.94 1126.86 47.6082 4 3177 1126 3177 1126
3177.94 1126.86 47.7358 4 3177 1126 3177 1126
3177.94 1126.86 47.8571 4 3177 1126 3177 1126
3177.94 1126.86 47.9823 4 3177 1126 3177 1126
3177.94 1126.86 48.105 4 3177 1126 3177 1126
3177.94 1126.86 48.2321 4 3177 1126 3177 1126
3177.94 1126.86 48.3577 4 3177 1126 3177 1126
3177.94 1126.86 48.4809 4 3177 1126 3177 1126
3177.94 1126.86 48.6024 4 3177 1126 3177 1126
3177.94 1126.86 48.7313 4 3177 1126 3177 1126
3177.94 1126.86 48.8562 4 3177 1126 3177 1126
3177.94 1126.86 48.984 4 3177 1126 3177 1126
3177.94 1126.86 49.1047 4 3177 1126 3177 1126
3177.94 1126.86 49.2307 4 3177 1126 3177 1126
3177.94 1126.86 49.3538 4 3177 1126 3177 1126
3177.94 1126.86 49.4811 4 3177 1126 3177 1126
3177.94 1126.86 49.6036 4 3177 1126 3177 1126
3177.94 1126.86 49.7321 4 3177 1126 3177 1126
3177.94 1126.86 49.8527 4 3177 1126 3177 1126
3177.94 1126.86 49.9782 4 3177 1126 3177 1126
3177.94 1126.86 50.104 4 3177 1126 3177 1126
3177.94 1126.86 50.227 4 3177 1126 3177 1126
3177.94 1126.86 50.355 4 3177 1126 3177 1126
3177.94 1126.86 50.481 4 3177 1126 3177 1126
3177.94 1126.86 50.6018 4 3177 1126 3177 1126
3177.94 1126.86 50.7283 4 3177 1126 3177 1126
3177.94 1126.86 50.8548 4 3177 1126 3177 1126
3177.94 1126.86 50.9735 4 3177 1126 3177 1126
3177.94 1126.86 51.1035 4 3177 1126 3177 1126
3177.94 1126.86 51.2286 4 3177 1126 3177 1126
3177.94 1126.86 51.3514 4 3177 1126 3177 1126
3177.94 1126.86 51.4788 4 3177 1126 3177 1126
3177.94 1126.86 51.5995 4 3177 1126 3177 1126
3177.94 1126.86 51.7263 4 3177 1126 3177 1126
3177.94 1126.86 51.8506 4 3177 1126 3177 1126
3177.94 1126.86 51.9788 4 3177 1126 3177 1126
3177.94 1126.86 52.1051 4 3177 1126 3177 1126
3177.94 1126.86 52.2269 4 3177 1126 3177 1126
3177.94 1126.86 52.3535 4 3177 1126 3177 1126
3177.94 1126.86 52.4792 4 3177 1126 3177 1126
